BEAMER
############
ON/OFF
Protocol  : NEC
Code      : 0x10C8E11E (32 Bits)
uint16_t rawData[67] = {9024, 4420,  622, 494,  618, 494,  618, 490,  622, 1620,  624, 488,  622, 490,  618, 494,  618, 494,  618, 1620,  622, 1620,  622, 494,  618, 488,  622, 1620,  622, 488,  618, 494,  618, 494,  618, 1618,  622, 1620,  622, 1620,  622, 490,  622, 490,  622, 488,  622, 490,  618, 1624,  618, 494,  618, 494,  618, 494,  618, 1624,  618, 1620,  622, 1620,  618, 1624,  618, 486,  618};  // NEC 10C8E11E
uint32_t address = 0x1308;
uint32_t command = 0x87;
uint64_t data = 0x10C8E11E;

Freeze
Protocol  : NEC
Code      : 0x10C8718E (32 Bits)
uint16_t rawData[71] = {9024, 4422,  622, 488,  622, 490,  622, 486,  622, 1620,  622, 490,  622, 490,  622, 490,  622, 488,  622, 1620,  618, 1620,  622, 490,  622, 490,  622, 1620,  622, 490,  622, 490,  622, 490,  622, 490,  622, 1614,  622, 1620,  622, 1620,  622, 490,  622, 490,  622, 490,  618, 1620,  622, 1620,  622, 490,  622, 490,  622, 490,  622, 1614,  622, 1620,  622, 1620,  622, 480,  622, 44982,  9020, 2176,  622};  // NEC 10C8718E
uint32_t address = 0x1308;
uint32_t command = 0x8E;
uint64_t data = 0x10C8718E;

Menü
Protocol  : NEC
Code      : 0x10C821DE (32 Bits)
uint16_t rawData[71] = {9028, 4418,  622, 490,  622, 490,  622, 484,  622, 1620,  624, 488,  622, 490,  622, 490,  622, 490,  622, 1616,  626, 1614,  626, 486,  622, 490,  622, 1620,  622, 490,  622, 490,  622, 490,  622, 490,  622, 490,  622, 1616,  626, 486,  622, 490,  622, 488,  622, 490,  622, 1620,  622, 1614,  622, 1620,  622, 490,  622, 1620,  622, 1616,  626, 1616,  622, 1620,  622, 480,  622, 44982,  9050, 2150,  648};  // NEC 10C821DE
uint32_t address = 0x1308;
uint32_t command = 0x84;
uint64_t data = 0x10C821DE;

UP
Protocol  : NEC
Code      : 0x10C841BE (32 Bits)
uint16_t rawData[135] = {9024, 4418,  622, 490,  618, 494,  618, 494,  618, 1620,  622, 494,  618, 494,  618, 494,  618, 490,  618, 1624,  618, 1620,  622, 494,  618, 488,  618, 1624,  618, 494,  618, 494,  618, 494,  616, 494,  618, 1620,  622, 494,  618, 494,  618, 494,  618, 494,  616, 490,  618, 1624,  618, 1624,  618, 494,  618, 1620,  618, 1620,  624, 1620,  618, 1624,  618, 1620,  622, 486,  616, 45018,  9020, 4422,  618, 494,  618, 494,  618, 494,  616, 1620,  622, 490,  622, 490,  622, 490,  622, 490,  618, 1624,  618, 1620,  622, 494,  618, 490,  622, 1620,  622, 490,  618, 494,  616, 494,  618, 494,  618, 1620,  622, 490,  624, 488,  622, 488,  622, 490,  622, 490,  622, 1620,  618, 1620,  622, 490,  622, 1620,  618, 1620,  622, 1620,  622, 1620,  618, 1620,  622, 480,  622};  // NEC 10C841BE
uint32_t address = 0x1308;
uint32_t command = 0x82;
uint64_t data = 0x10C841BE;

Down
Protocol  : NEC
Code      : 0x10C8A15E (32 Bits)
uint16_t rawData[203] = {9054, 4392,  622, 490,  622, 490,  622, 490,  622, 1614,  626, 486,  626, 484,  626, 486,  626, 484,  622, 1620,  622, 1620,  622, 490,  622, 486,  622, 1620,  622, 490,  622, 490,  622, 490,  648, 1592,  622, 490,  622, 1614,  626, 486,  626, 486,  626, 486,  626, 484,  622, 1620,  622, 490,  648, 1594,  622, 484,  626, 1616,  622, 1620,  622, 1616,  622, 1620,  622, 480,  622, 45016,  9022, 4418,  622, 490,  622, 490,  622, 490,  622, 1618,  622, 490,  622, 490,  622, 490,  622, 490,  618, 1620,  622, 1620,  622, 488,  622, 490,  622, 1620,  622, 490,  622, 488,  622, 490,  622, 1620,  622, 486,  622, 1620,  596, 516,  622, 490,  622, 490,  622, 490,  622, 1620,  622, 490,  622, 1620,  596, 512,  622, 1620,  622, 1620,  624, 1614,  600, 1642,  596, 506,  622, 45018,  9026, 4414,  622, 490,  622, 490,  622, 490,  622, 1620,  622, 490,  622, 490,  622, 490,  622, 486,  622, 1620,  622, 1620,  622, 488,  622, 490,  622, 1616,  626, 490,  622, 490,  622, 484,  622, 1620,  624, 488,  622, 1620,  622, 488,  622, 490,  622, 490,  622, 486,  622, 1620,  622, 490,  622, 1620,  622, 490,  622, 1616,  622, 1620,  622, 1614,  626, 1614,  628, 476,  628};  // NEC 10C8A15E
uint32_t address = 0x1308;
uint32_t command = 0x85;
uint64_t data = 0x10C8A15E;

Left
Protocol  : NEC
Code      : 0x10C8C13E (32 Bits)
uint16_t rawData[135] = {9050, 4388,  652, 464,  648, 464,  648, 458,  626, 1616,  648, 462,  648, 464,  648, 464,  648, 464,  648, 1590,  622, 1618,  622, 490,  622, 490,  648, 1594,  622, 490,  622, 490,  620, 486,  622, 1620,  622, 1620,  622, 490,  622, 490,  622, 490,  622, 490,  622, 486,  622, 1620,  622, 490,  622, 490,  622, 1614,  622, 1620,  622, 1616,  622, 1620,  622, 1620,  622, 480,  622, 45012,  9026, 4420,  622, 490,  622, 490,  622, 490,  622, 1616,  622, 490,  622, 490,  622, 490,  622, 490,  622, 1616,  624, 1620,  622, 490,  622, 490,  622, 1620,  624, 488,  622, 490,  622, 484,  622, 1620,  622, 1620,  622, 490,  648, 462,  650, 462,  648, 464,  648, 458,  648, 1594,  650, 462,  648, 464,  648, 1590,  648, 1594,  648, 1588,  622, 1620,  648, 1594,  648, 454,  648};  // NEC 10C8C13E
uint32_t address = 0x1308;
uint32_t command = 0x83;
uint64_t data = 0x10C8C13E;

Right
Protocol  : NEC
Code      : 0x10C8817E (32 Bits)
uint16_t rawData[135] = {9022, 4420,  626, 486,  622, 490,  622, 490,  622, 1620,  622, 490,  622, 490,  622, 490,  622, 486,  622, 1620,  622, 1620,  622, 490,  622, 486,  622, 1620,  622, 490,  624, 486,  622, 490,  622, 1620,  648, 462,  650, 462,  622, 488,  622, 486,  626, 486,  626, 484,  622, 1620,  648, 464,  648, 1588,  622, 1620,  650, 1588,  654, 1588,  648, 1594,  648, 1588,  654, 450,  654, 44986,  9052, 4392,  648, 464,  648, 462,  648, 460,  626, 1616,  622, 490,  648, 464,  648, 462,  648, 464,  648, 1590,  626, 1616,  622, 490,  648, 464,  648, 1594,  648, 464,  648, 464,  648, 458,  626, 1616,  622, 490,  622, 490,  622, 488,  622, 490,  626, 484,  622, 490,  650, 1592,  648, 464,  648, 1588,  622, 1620,  648, 1590,  652, 1590,  622, 1620,  648, 1588,  654, 454,  622};  // NEC 10C8817E
uint32_t address = 0x1308;
uint32_t command = 0x81;
uint64_t data = 0x10C8817E;

YAMAHA - Verstärker
############
OFF
Protocol  : NEC
Code      : 0x5EA17887 (32 Bits)
uint16_t rawData[67] = {8980, 4380,  586, 524,  592, 1634,  592, 524,  586, 1638,  586, 1638,  592, 1632,  592, 1638,  588, 524,  586, 1638,  592, 520,  590, 1638,  586, 524,  586, 524,  592, 520,  592, 520,  592, 1636,  586, 526,  586, 1638,  592, 1634,  590, 1636,  588, 1638,  586, 524,  592, 520,  592, 520,  592, 1634,  592, 524,  588, 524,  586, 524,  588, 524,  588, 1636,  588, 1638,  592, 1632,  592};  // NEC 5EA17887
uint32_t address = 0x7A;
uint32_t command = 0x1E;
uint64_t data = 0x5EA17887;

Standby
Protocol  : NEC
Code      : 0x5EA17887 (32 Bits)
uint16_t rawData[67] = {8956, 4372,  588, 520,  590, 1630,  592, 520,  562, 1660,  560, 1658,  566, 1654,  588, 1634,  586, 526,  588, 1628,  592, 520,  586, 1634,  586, 522,  564, 546,  588, 520,  560, 548,  592, 1628,  592, 520,  588, 1634,  586, 1634,  588, 1628,  590, 1634,  588, 520,  566, 546,  588, 520,  566, 1654,  588, 520,  592, 520,  586, 520,  566, 546,  588, 1634,  588, 1634,  588, 1632,  588};  // NEC 5EA17887
uint32_t address = 0x7A;
uint32_t command = 0x1E;
uint64_t data = 0x5EA17887;

On
Protocol  : NEC
Code      : 0x5EA1B847 (32 Bits)
uint16_t rawData[67] = {8932, 4416,  566, 546,  588, 1628,  566, 546,  588, 1630,  592, 1628,  566, 1654,  588, 1630,  592, 522,  586, 1628,  592, 520,  588, 1634,  588, 520,  566, 542,  566, 546,  588, 520,  566, 1654,  588, 1630,  566, 546,  588, 1630,  566, 1656,  588, 1628,  566, 542,  592, 522,  586, 520,  562, 546,  566, 1656,  588, 520,  566, 542,  592, 520,  588, 1630,  566, 1656,  588, 1630,  592};  // NEC 5EA1B847
uint32_t address = 0x7A;
uint32_t command = 0x1D;
uint64_t data = 0x5EA1B847;

AUX / Kanal
Protocol  : NEC
Code      : 0x5EA1AA55 (32 Bits)
uint16_t rawData[67] = {8922, 4394,  562, 546,  562, 1660,  560, 546,  562, 1656,  566, 1656,  562, 1660,  562, 1654,  562, 546,  566, 1656,  562, 546,  562, 1660,  562, 546,  562, 546,  562, 548,  564, 546,  562, 1656,  560, 1660,  562, 546,  588, 1628,  566, 546,  562, 1656,  562, 546,  562, 1660,  562, 546,  562, 548,  560, 1660,  560, 546,  562, 1656,  566, 546,  562, 1656,  562, 546,  566, 1656,  588};  // NEC 5EA1AA55
uint32_t address = 0x7A;
uint32_t command = 0x55;
uint64_t data = 0x5EA1AA55;

HDMI / Kanal
Protocol  : NEC
Code      : 0x5EA1837C (32 Bits)
uint16_t rawData[67] = {8954, 4394,  588, 526,  586, 1630,  588, 520,  588, 1632,  588, 1634,  588, 1628,  592, 1628,  588, 524,  588, 1628,  588, 524,  588, 1630,  586, 524,  588, 520,  614, 494,  588, 524,  614, 1602,  588, 1632,  588, 520,  618, 494,  614, 494,  588, 524,  614, 494,  614, 1602,  592, 1630,  614, 494,  592, 1630,  586, 1634,  612, 1604,  592, 1630,  614, 1608,  614, 494,  614, 494,  594};  // NEC 5EA1837C
uint32_t address = 0x7A;
uint32_t command = 0xC1;
uint64_t data = 0x5EA1837C;

CD /Kanal
Protocol  : NEC
Code      : 0x5EA1A857 (32 Bits)
uint16_t rawData[67] = {8960, 4400,  584, 524,  588, 1634,  588, 526,  582, 1634,  588, 1634,  588, 1634,  588, 1634,  588, 524,  584, 1638,  584, 524,  588, 1634,  588, 524,  582, 526,  586, 524,  584, 524,  588, 1634,  588, 1634,  588, 526,  582, 1638,  584, 528,  584, 1634,  586, 526,  588, 524,  584, 524,  584, 528,  584, 1634,  588, 524,  584, 1638,  582, 526,  588, 1634,  588, 1634,  588, 1634,  588};  // NEC 5EA1A857
uint32_t address = 0x7A;
uint32_t command = 0x15;
uint64_t data = 0x5EA1A857;

OK
Protocol  : NEC
Code      : 0x5EA17986 (32 Bits)
uint16_t rawData[67] = {8960, 4370,  588, 524,  584, 1634,  588, 524,  588, 1632,  588, 1634,  588, 1628,  588, 1634,  588, 524,  588, 1628,  588, 526,  588, 1630,  588, 524,  588, 520,  588, 524,  588, 522,  586, 1630,  592, 520,  588, 1630,  590, 1630,  588, 1634,  588, 1632,  588, 520,  588, 524,  584, 1634,  588, 1632,  588, 520,  588, 524,  588, 520,  588, 524,  588, 1630,  592, 1630,  588, 524,  588};  // NEC 5EA17986
uint32_t address = 0x7A;
uint32_t command = 0x9E;
uint64_t data = 0x5EA17986;

Links
Protocol  : NEC
Code      : 0x5EA139C6 (32 Bits)
uint16_t rawData[67] = {8960, 4368,  588, 520,  592, 1630,  588, 524,  588, 1630,  592, 1630,  588, 1634,  586, 1634,  588, 524,  588, 1630,  588, 524,  588, 1630,  592, 522,  586, 522,  586, 526,  588, 520,  588, 1634,  588, 520,  588, 524,  588, 1630,  592, 1630,  586, 1634,  588, 524,  588, 520,  588, 1634,  588, 1632,  588, 1630,  592, 520,  588, 520,  588, 524,  588, 1630,  592, 1628,  588, 524,  588};  // NEC 5EA139C6
uint32_t address = 0x7A;
uint32_t command = 0x9C;
uint64_t data = 0x5EA139C6;

Rechts
Protocol  : NEC
Code      : 0x5EA1F906 (32 Bits)
uint16_t rawData[67] = {8958, 4400,  588, 520,  588, 1634,  588, 524,  588, 1634,  588, 1634,  588, 1634,  586, 1634,  588, 520,  588, 1634,  588, 524,  588, 1628,  592, 520,  588, 524,  588, 520,  588, 526,  586, 1634,  586, 1634,  588, 1634,  588, 1628,  588, 1634,  588, 1632,  588, 522,  586, 520,  588, 1632,  588, 520,  592, 520,  588, 520,  588, 524,  588, 520,  588, 1634,  588, 1632,  592, 520,  586};  // NEC 5EA1F906
uint32_t address = 0x7A;
uint32_t command = 0x9F;
uint64_t data = 0x5EA1F906;

Unten
Protocol  : NEC
Code      : 0x5EA1B946 (32 Bits)
uint16_t rawData[67] = {8958, 4372,  588, 524,  584, 1638,  584, 524,  588, 1634,  588, 1634,  588, 1634,  586, 1634,  586, 524,  584, 1638,  588, 520,  586, 1634,  586, 524,  588, 520,  588, 524,  588, 520,  588, 1634,  588, 1632,  588, 524,  586, 1634,  588, 1634,  588, 1632,  586, 526,  584, 524,  588, 1634,  586, 524,  588, 1634,  588, 520,  588, 524,  588, 520,  588, 1632,  588, 1632,  588, 524,  588};  // NEC 5EA1B946
uint32_t address = 0x7A;
uint32_t command = 0x9D;
uint64_t data = 0x5EA1B946;

Lauter
Protocol  : NEC
Code      : 0x5EA158A7 (32 Bits)
uint16_t rawData[67] = {8970, 4402,  592, 524,  586, 1636,  588, 524,  588, 1636,  586, 1638,  588, 1636,  588, 1636,  588, 524,  586, 1636,  588, 524,  586, 1636,  588, 524,  588, 524,  588, 524,  586, 526,  590, 1632,  588, 524,  586, 1642,  588, 524,  588, 1636,  588, 1636,  588, 524,  586, 524,  588, 524,  588, 1636,  586, 524,  588, 1636,  588, 524,  586, 524,  588, 1636,  586, 1638,  588, 1636,  588};  // NEC 5EA158A7
uint32_t address = 0x7A;
uint32_t command = 0x1A;
uint64_t data = 0x5EA158A7;

Leiser
Protocol  : NEC
Code      : 0x5EA1D827 (32 Bits)
uint16_t rawData[67] = {8978, 4382,  586, 524,  586, 1638,  588, 524,  588, 1638,  586, 1638,  586, 1638,  588, 1638,  586, 524,  588, 1638,  586, 526,  586, 1638,  588, 524,  588, 524,  586, 526,  586, 524,  588, 1638,  584, 1642,  582, 1638,  588, 528,  582, 1638,  588, 1638,  586, 526,  586, 526,  586, 524,  588, 524,  588, 524,  588, 1638,  588, 524,  586, 526,  586, 1638,  586, 1638,  588, 1638,  586};  // NEC 5EA1D827
uint32_t address = 0x7A;
uint32_t command = 0x1B;
uint64_t data = 0x5EA1D827;

Mute
Protocol  : NEC
Code      : 0x5EA138C7 (32 Bits)
uint16_t rawData[67] = {8968, 4406,  586, 526,  586, 1638,  588, 524,  588, 1638,  588, 1636,  588, 1638,  586, 1638,  588, 524,  586, 1638,  588, 524,  582, 1638,  586, 526,  586, 524,  588, 524,  588, 524,  588, 1638,  586, 524,  584, 528,  584, 1636,  588, 1636,  588, 1638,  588, 524,  588, 526,  586, 524,  588, 1636,  588, 1638,  586, 526,  588, 524,  586, 526,  582, 1638,  586, 1638,  588, 1638,  588};  // NEC 5EA138C7
uint32_t address = 0x7A;
uint32_t command = 0x1C;
uint64_t data = 0x5EA138C7;

HDMI Remote
############
1
Protocol  : NEC
Code      : 0xFFAA55 (32 Bits)
uint16_t rawData[67] = {8970, 4404,  614, 506,  582, 542,  586, 512,  614, 506,  556, 564,  592, 512,  608, 508,  556, 568,  588, 1626,  560, 1664,  614, 1628,  592, 1632,  556, 1662,  618, 1628,  592, 1628,  582, 1642,  614, 1628,  590, 512,  610, 1628,  592, 510,  614, 1628,  592, 506,  614, 1628,  592, 510,  614, 508,  582, 1636,  614, 506,  584, 1642,  612, 508,  582, 1636,  614, 506,  584, 1640,  612};  // NEC FFAA55
uint32_t address = 0x0;
uint32_t command = 0x55;
uint64_t data = 0xFFAA55;

2
Protocol  : NEC
Code      : 0xFFA857 (32 Bits)
uint16_t rawData[71] = {8956, 4418,  600, 502,  618, 498,  644, 480,  596, 504,  622, 498,  618, 502,  600, 502,  618, 498,  618, 1606,  622, 1620,  600, 1618,  618, 1606,  622, 1620,  600, 1620,  618, 1606,  622, 1620,  600, 1620,  618, 506,  596, 1624,  618, 506,  596, 1620,  618, 508,  594, 502,  592, 528,  614, 506,  596, 1624,  592, 532,  570, 1652,  586, 532,  596, 1624,  614, 1610,  644, 1598,  596, 39534,  8956, 2180,  614};  // NEC FFA857
uint32_t address = 0x0;
uint32_t command = 0x15;
uint64_t data = 0xFFA857;

3
Protocol  : NEC
Code      : 0xFF58A7 (32 Bits)
uint16_t rawData[71] = {8986, 4390,  626, 476,  618, 498,  618, 508,  596, 502,  648, 472,  618, 508,  620, 476,  622, 498,  614, 1606,  622, 1622,  600, 1618,  618, 1606,  622, 1620,  626, 1596,  614, 1606,  648, 1598,  596, 502,  624, 1618,  628, 476,  622, 1620,  600, 1618,  618, 508,  596, 502,  648, 472,  618, 1606,  622, 498,  612, 1606,  622, 498,  618, 506,  600, 1620,  618, 1606,  648, 1594,  626, 39504,  8986, 2144,  622};  // NEC FF58A7
uint32_t address = 0x0;
uint32_t command = 0x1A;
uint64_t data = 0xFF58A7;

4
Protocol  : NEC
Code      : 0xFFBA45 (32 Bits)
uint16_t rawData[71] = {8956, 4418,  600, 502,  644, 472,  618, 506,  596, 502,  648, 472,  618, 506,  622, 476,  622, 498,  614, 1606,  648, 1598,  622, 1596,  614, 1606,  648, 1596,  598, 1622,  618, 1602,  624, 1622,  600, 1620,  618, 506,  624, 1592,  618, 1606,  648, 1598,  622, 476,  648, 1594,  626, 476,  618, 498,  618, 1606,  648, 472,  618, 506,  622, 476,  622, 1620,  600, 498,  648, 1598,  622, 39506,  8960, 2172,  648};  // NEC FFBA45
uint32_t address = 0x0;
uint32_t command = 0x5D;
uint64_t data = 0xFFBA45;

5
Protocol  : NEC
Code      : 0xFF38C7 (32 Bits)
uint16_t rawData[67] = {8988, 4392,  596, 502,  622, 500,  616, 506,  622, 476,  622, 498,  614, 506,  600, 504,  616, 502,  640, 1580,  648, 1598,  622, 1598,  618, 1606,  648, 1594,  626, 1594,  618, 1606,  650, 1596,  596, 502,  648, 474,  616, 1606,  648, 1592,  626, 1598,  614, 506,  626, 476,  622, 498,  614, 1606,  622, 1624,  600, 498,  648, 472,  618, 506,  622, 1598,  618, 1606,  622, 1620,  626};  // NEC FF38C7
uint32_t address = 0x0;
uint32_t command = 0x1C;
uint64_t data = 0xFF38C7;

UP
Protocol  : NEC
Code      : 0xFF7887 (32 Bits)
uint16_t rawData[71] = {8988, 4392,  600, 498,  648, 472,  618, 508,  622, 476,  648, 472,  614, 506,  600, 502,  618, 498,  618, 1606,  648, 1594,  626, 1598,  612, 1606,  622, 1624,  596, 1624,  618, 1608,  620, 1620,  626, 472,  622, 1624,  596, 1624,  618, 1606,  622, 1620,  600, 498,  648, 472,  618, 506,  622, 1598,  618, 502,  626, 476,  618, 498,  618, 508,  600, 1620,  618, 1606,  648, 1594,  626, 39506,  8988, 2144,  622};  // NEC FF7887
uint32_t address = 0x0;
uint32_t command = 0x1E;
uint64_t data = 0xFF7887;

Down
Protocol  : NEC
Code      : 0xFF3AC5 (32 Bits)
uint16_t rawData[71] = {8986, 4392,  622, 476,  648, 472,  612, 508,  626, 472,  648, 472,  618, 506,  622, 476,  622, 498,  614, 1606,  648, 1598,  624, 1596,  614, 1606,  648, 1598,  622, 1598,  618, 1602,  622, 1624,  600, 498,  648, 472,  618, 1606,  622, 1620,  600, 1620,  618, 506,  622, 1592,  618, 506,  600, 1620,  618, 1606,  648, 472,  614, 508,  600, 498,  648, 1598,  622, 476,  622, 1620,  626, 39508,  8984, 2146,  648};  // NEC FF3AC5
uint32_t address = 0x0;
uint32_t command = 0x5C;
uint64_t data = 0xFF3AC5;

Fernbedienung
############
OK
Protocol  : NEC
Code      : 0x2FD847B (32 Bits)
uint16_t rawData[71] = {9018, 4416,  622, 508,  618, 506,  624, 506,  618, 508,  622, 508,  618, 508,  622, 1608,  618, 508,  622, 1606,  622, 1606,  622, 1606,  624, 1606,  622, 1606,  622, 1608,  622, 508,  618, 1608,  622, 1608,  622, 508,  622, 502,  622, 508,  616, 508,  622, 1606,  622, 508,  616, 508,  622, 508,  618, 1612,  618, 1612,  618, 1612,  618, 1612,  618, 508,  622, 1606,  622, 1606,  622, 39670,  9018, 2184,  622};  // NEC 2FD847B
uint32_t address = 0x40;
uint32_t command = 0x21;
uint64_t data = 0x2FD847B;

Lauter
Protocol  : NEC
Code      : 0x2FD58A7 (32 Bits)
uint16_t rawData[67] = {9018, 4414,  622, 508,  618, 508,  622, 506,  618, 508,  622, 506,  618, 508,  622, 1606,  624, 506,  618, 1612,  616, 1612,  622, 1608,  622, 1606,  622, 1606,  622, 1606,  622, 506,  618, 1610,  618, 510,  618, 1610,  618, 506,  618, 1612,  622, 1606,  622, 508,  618, 506,  622, 508,  618, 1612,  618, 508,  622, 1606,  624, 506,  618, 508,  622, 1606,  622, 1606,  622, 1606,  622};  // NEC 2FD58A7
uint32_t address = 0x40;
uint32_t command = 0x1A;
uint64_t data = 0x2FD58A7;

Leiser
Protocol  : NEC
Code      : 0x2FD7887 (32 Bits)
uint16_t rawData[71] = {9014, 4416,  622, 506,  618, 512,  618, 506,  618, 512,  616, 508,  618, 512,  618, 1612,  616, 508,  618, 1612,  618, 1610,  618, 1610,  622, 1606,  622, 1606,  622, 1606,  622, 506,  618, 1610,  618, 512,  618, 1608,  622, 1606,  622, 1606,  622, 1606,  622, 506,  618, 510,  618, 506,  618, 1612,  616, 512,  618, 506,  618, 512,  618, 506,  618, 1610,  618, 1612,  622, 1606,  622, 39672,  9016, 2184,  622};  // NEC 2FD7887
uint32_t address = 0x40;
uint32_t command = 0x1E;
uint64_t data = 0x2FD7887;

Mute
Protocol  : NEC
Code      : 0x2FD08F7 (32 Bits)
uint16_t rawData[67] = {9016, 4414,  622, 502,  622, 508,  622, 504,  622, 508,  622, 502,  622, 508,  622, 1606,  622, 508,  618, 1606,  622, 1606,  622, 1606,  622, 1606,  622, 1608,  622, 1610,  622, 504,  622, 1608,  622, 508,  622, 502,  622, 506,  622, 502,  622, 1606,  622, 508,  622, 504,  622, 508,  622, 1606,  622, 1606,  622, 1606,  622, 1606,  622, 504,  622, 1606,  622, 1606,  626, 1602,  626};  // NEC 2FD08F7
uint32_t address = 0x40;
uint32_t command = 0x10;
uint64_t data = 0x2FD08F7;

ON/OFF
Protocol  : NEC
Code      : 0x2FD48B7 (32 Bits)
uint16_t rawData[71] = {9014, 4418,  618, 506,  622, 506,  618, 510,  618, 508,  618, 510,  618, 508,  618, 1610,  618, 512,  618, 1610,  618, 1610,  618, 1610,  618, 1610,  618, 1610,  618, 1610,  618, 512,  618, 1610,  618, 508,  618, 1610,  622, 508,  618, 510,  618, 1606,  622, 506,  618, 512,  618, 506,  618, 1612,  618, 512,  618, 1610,  618, 1612,  618, 512,  618, 1606,  622, 1608,  622, 1606,  622, 39672,  9014, 2190,  618};  // NEC 2FD48B7
uint32_t address = 0x40;
uint32_t command = 0x12;
uint64_t data = 0x2FD48B7;

1
Protocol  : NEC
Code      : 0x2FD807F (32 Bits)
uint16_t rawData[67] = {9016, 4416,  622, 504,  622, 508,  622, 502,  622, 508,  622, 508,  618, 506,  622, 1606,  622, 506,  618, 1608,  622, 1606,  622, 1606,  622, 1608,  622, 1606,  622, 1608,  622, 508,  622, 1606,  622, 1608,  622, 504,  622, 508,  622, 502,  622, 508,  622, 506,  618, 508,  622, 506,  622, 502,  622, 1606,  622, 1606,  624, 1606,  622, 1606,  622, 1606,  622, 1606,  622, 1606,  622};  // NEC 2FD807F
uint32_t address = 0x40;
uint32_t command = 0x1;
uint64_t data = 0x2FD807F;

2
Protocol  : NEC
Code      : 0x2FD40BF (32 Bits)
uint16_t rawData[67] = {9020, 4410,  622, 506,  622, 502,  622, 506,  622, 502,  622, 508,  622, 508,  622, 1606,  624, 502,  622, 1606,  622, 1606,  622, 1606,  622, 1608,  622, 1606,  622, 1610,  622, 502,  622, 1606,  622, 508,  622, 1606,  622, 502,  622, 506,  622, 508,  622, 502,  624, 506,  622, 502,  622, 1608,  620, 508,  622, 1606,  624, 1606,  648, 1580,  648, 1580,  622, 1606,  626, 1602,  626};  // NEC 2FD40BF
uint32_t address = 0x40;
uint32_t command = 0x2;
uint64_t data = 0x2FD40BF;

3
Protocol  : NEC
Code      : 0x2FDC03F (32 Bits)
uint16_t rawData[67] = {9016, 4414,  622, 508,  616, 508,  622, 508,  618, 506,  622, 506,  618, 508,  622, 1606,  622, 506,  618, 1610,  618, 1610,  618, 1612,  618, 1610,  618, 1610,  618, 1610,  622, 508,  618, 1606,  624, 1606,  622, 1608,  622, 508,  618, 508,  622, 506,  618, 506,  622, 508,  618, 508,  622, 508,  618, 508,  622, 1606,  622, 1606,  624, 1606,  618, 1612,  616, 1612,  618, 1610,  618};  // NEC 2FDC03F
uint32_t address = 0x40;
uint32_t command = 0x3;
uint64_t data = 0x2FDC03F;

4
Protocol  : NEC
Code      : 0x2FD20DF (32 Bits)
uint16_t rawData[67] = {9016, 4414,  622, 508,  622, 502,  622, 508,  622, 502,  622, 506,  622, 502,  622, 1606,  622, 506,  622, 1602,  626, 1602,  628, 1602,  626, 1604,  626, 1602,  626, 1602,  626, 502,  622, 1606,  622, 502,  622, 508,  622, 1606,  624, 502,  622, 508,  622, 502,  622, 508,  622, 502,  622, 1606,  622, 1606,  622, 506,  622, 1606,  622, 1606,  622, 1602,  628, 1606,  622, 1606,  622};  // NEC 2FD20DF
uint32_t address = 0x40;
uint32_t command = 0x4;
uint64_t data = 0x2FD20DF;

5
Protocol  : NEC
Code      : 0x2FDA05F (32 Bits)
uint16_t rawData[67] = {9024, 4410,  626, 502,  622, 502,  626, 502,  622, 502,  626, 502,  622, 502,  628, 1602,  626, 502,  626, 1602,  628, 1602,  626, 1602,  626, 1602,  628, 1602,  626, 1602,  628, 502,  626, 1602,  626, 1602,  626, 502,  622, 1606,  622, 504,  626, 502,  624, 502,  626, 502,  626, 502,  622, 502,  626, 1602,  626, 502,  622, 1606,  622, 1606,  622, 1606,  628, 1602,  626, 1602,  628};  // NEC 2FDA05F
uint32_t address = 0x40;
uint32_t command = 0x5;
uint64_t data = 0x2FDA05F;

red
Protocol  : NEC
Code      : 0x2FD12ED (32 Bits)
uint16_t rawData[71] = {9022, 4410,  622, 506,  622, 504,  622, 508,  622, 502,  622, 506,  622, 504,  622, 1608,  622, 508,  622, 1602,  626, 1602,  626, 1602,  626, 1602,  626, 1602,  628, 1602,  622, 508,  622, 1608,  622, 502,  622, 506,  622, 502,  624, 1606,  622, 508,  622, 502,  622, 1606,  622, 506,  622, 1602,  626, 1602,  626, 1602,  622, 506,  624, 1606,  622, 1608,  622, 504,  622, 1606,  622, 39674,  9016, 2186,  622};  // NEC 2FD12ED
uint32_t address = 0x40;
uint32_t command = 0x48;
uint64_t data = 0x2FD12ED;


green
Protocol  : NEC
Code      : 0x2FD926D (32 Bits)
uint16_t rawData[71] = {9014, 4414,  622, 508,  622, 502,  622, 506,  622, 506,  618, 506,  622, 506,  622, 1606,  622, 504,  622, 1606,  622, 1606,  622, 1606,  622, 1606,  622, 1608,  622, 1606,  622, 506,  622, 1606,  622, 1608,  622, 506,  622, 502,  622, 1606,  622, 508,  622, 502,  622, 1606,  622, 506,  622, 502,  622, 1606,  622, 1606,  628, 502,  622, 1608,  622, 1606,  622, 506,  622, 1606,  622, 39670,  9020, 2186,  622};  // NEC 2FD926D
uint32_t address = 0x40;
uint32_t command = 0x49;
uint64_t data = 0x2FD926D;

yellow
Protocol  : NEC
Code      : 0x2FD52AD (32 Bits)
uint16_t rawData[71] = {9016, 4416,  622, 508,  618, 506,  622, 508,  616, 508,  622, 506,  618, 508,  624, 1606,  622, 508,  618, 1610,  618, 1610,  622, 1606,  622, 1606,  622, 1606,  622, 1606,  622, 506,  618, 1612,  618, 508,  622, 1606,  622, 506,  624, 1606,  622, 502,  622, 508,  622, 1606,  622, 502,  622, 1606,  622, 506,  624, 1606,  622, 508,  622, 1606,  622, 1606,  622, 502,  622, 1606,  622, 39676,  9016, 2184,  622};  // NEC 2FD52AD
uint32_t address = 0x40;
uint32_t command = 0x4A;
uint64_t data = 0x2FD52AD;

blue
Protocol  : NEC
Code      : 0x2FDD22D (32 Bits)
uint16_t rawData[71] = {9016, 4414,  624, 506,  618, 506,  622, 506,  618, 512,  618, 506,  618, 512,  618, 1606,  622, 506,  618, 1610,  618, 1612,  618, 1612,  622, 1608,  622, 1606,  622, 1606,  622, 506,  618, 1610,  618, 1612,  618, 1610,  618, 512,  618, 1606,  622, 506,  618, 510,  618, 1606,  622, 506,  618, 512,  618, 508,  618, 1610,  618, 512,  618, 1606,  622, 1612,  618, 506,  622, 1606,  622, 39674,  9016, 2186,  618};  // NEC 2FDD22D
uint32_t address = 0x40;
uint32_t command = 0x4B;
uint64_t data = 0x2FDD22D;
